21	4	12	1	22	37	24	4	25	31	43	
10	6	22	20	4	6	4	7	15	37	32	
5	3	20	24	8	21	5	6	16	26	25	
14	12	22	17	11	29	22	11	16	12	3	
13	21	20	29	103	346	255	18	4	5	24	
11	21	43	68	232	786	532	9	13	13	51	
15	15	19	68	170	499	281	40	14	9	33	
13	2	8	13	57	47	50	41	16	29	18	
15	6	15	18	8	11	27	27	19	30	37	
18	19	9	4	22	49	47	16	13	6	19	
21	34	30	17	38	19	15	2	24	24	9	

30	25	10	14	16	20	13	7	33	28	17	
20	33	22	8	0	12	3	16	29	27	5	
13	34	25	11	14	34	28	12	23	4	17	
15	17	11	10	8	20	9	11	25	15	7	
18	15	17	3	23	84	90	31	6	17	49	
21	19	25	38	74	358	315	56	37	29	47	
14	18	13	65	47	356	258	47	36	16	44	
11	6	18	30	59	112	24	70	38	28	39	
20	28	18	33	55	58	40	18	32	26	10	
16	13	14	35	21	14	1	13	7	7	10	
15	12	28	26	8	27	43	19	12	7	9	

48	62	41	30	5	20	20	33	34	38	24	
42	53	48	24	23	53	37	18	63	65	25	
47	28	24	11	31	80	47	18	57	61	32	
60	59	26	41	65	81	57	17	14	26	9	
18	33	19	45	344	618	237	54	17	41	40	
40	53	16	35	776	1186	338	149	20	72	73	
31	26	13	19	488	687	140	115	26	72	75	
19	21	24	10	33	4	39	27	18	47	47	
12	21	30	43	21	11	22	13	22	25	35	
10	13	31	62	46	43	26	28	29	26	41	
5	4	15	69	101	83	38	10	18	24	31	

25	14	6	6	13	9	13	3	32	53	50	
23	14	12	14	32	22	19	24	13	18	30	
16	23	13	15	17	33	51	28	33	13	2	
22	11	9	22	86	65	22	26	37	18	30	
33	40	0	88	338	321	123	56	26	69	63	
37	22	24	76	332	344	166	77	60	69	60	
18	13	16	27	97	148	137	78	68	37	18	
22	23	16	33	36	73	61	45	5	18	10	
8	22	27	31	44	46	41	7	28	28	16	
4	1	22	10	23	31	40	30	6	11	16	
29	23	13	24	12	22	32	24	13	20	18	

58	85	74	32	69	109	45	46	81	120	101	
16	43	46	33	11	53	66	26	52	141	108	
19	13	14	7	18	46	46	18	7	76	91	
26	21	26	4	29	43	71	14	53	14	58	
47	10	22	72	251	742	454	45	33	7	32	
49	13	39	105	444	1172	668	95	12	31	49	
18	28	17	20	231	539	332	58	12	34	48	
24	32	39	25	9	44	35	41	45	16	20	
32	23	53	38	28	42	38	59	91	34	51	
36	32	55	66	19	35	41	53	75	55	58	
32	46	20	36	50	82	41	21	29	47	37	

24	31	20	5	25	91	95	45	46	46	17	
11	14	3	18	2	21	18	18	60	48	68	
41	41	22	29	16	16	45	18	23	36	43	
80	82	19	22	38	67	55	36	28	31	33	
54	81	18	19	42	361	365	16	71	11	55	
5	81	35	27	139	895	921	104	93	30	54	
39	68	35	38	101	606	628	106	51	19	31	
56	40	64	42	51	59	37	32	15	21	8	
33	42	36	28	34	40	23	20	27	24	25	
49	15	10	28	67	79	68	35	40	34	23	
45	3	26	42	62	69	57	19	14	23	7	

38	20	10	17	0	34	36	4	2	31	22	
6	10	7	11	25	30	13	8	9	25	13	
18	21	22	13	19	29	15	16	27	26	22	
7	37	39	7	30	36	5	22	26	34	32	
69	54	41	27	147	479	341	18	30	5	32	
69	31	33	51	214	871	724	65	29	26	27	
31	36	9	20	111	511	494	96	19	24	4	
19	7	5	29	21	26	43	26	22	22	23	
35	37	29	31	15	15	45	31	10	4	5	
65	40	13	22	31	28	26	27	37	13	16	
19	16	23	23	17	27	34	27	30	4	12	

8	2	11	15	43	58	6	6	25	16	6	
18	8	22	36	27	23	12	3	9	17	5	
19	10	24	23	20	2	0	24	15	17	17	
12	15	8	21	32	81	39	29	11	39	21	
17	7	26	16	212	271	63	23	2	55	34	
36	30	28	52	554	771	236	62	23	52	50	
43	37	27	80	417	556	186	34	23	20	37	
31	38	13	50	70	43	25	14	7	7	17	
21	30	16	22	9	34	11	21	23	20	0	
7	10	9	9	8	8	7	13	20	10	12	
9	4	18	17	46	61	34	18	19	17	21	

25	11	17	11	37	38	14	22	20	13	6	
14	29	33	5	24	39	28	38	30	22	9	
19	67	73	39	33	27	31	25	27	24	13	
21	43	44	9	12	13	38	26	8	23	21	
35	8	34	93	439	528	123	19	34	44	27	
57	41	80	186	683	880	178	76	38	47	24	
24	22	69	182	227	404	87	58	7	25	41	
11	9	14	81	134	72	8	17	18	12	35	
22	10	23	47	43	19	6	15	14	5	13	
28	15	16	32	24	41	11	23	12	9	7	
30	14	30	72	62	28	22	7	24	18	16	

2	20	2	43	10	94	67	10	26	26	7	
32	34	17	29	13	12	3	6	26	52	42	
60	46	45	34	29	27	36	29	39	70	26	
52	59	76	76	54	48	61	46	36	45	5	
35	29	49	63	83	476	432	66	40	62	12	
47	10	78	40	219	1036	895	107	50	59	61	
30	45	45	48	133	675	561	73	82	12	59	
29	75	65	62	6	71	23	67	65	17	27	
40	61	63	66	32	25	18	35	21	40	21	
39	44	34	26	35	24	6	20	40	36	13	
3	41	42	27	44	92	68	32	24	16	41	

35	27	23	21	15	23	43	35	17	9	11	
7	2	29	37	18	13	10	2	13	22	14	
26	40	51	37	31	22	25	7	26	8	3	
48	70	64	37	24	27	24	26	36	11	12	
30	24	38	21	94	275	241	74	24	6	15	
11	38	16	12	134	530	504	109	18	25	16	
29	35	20	9	71	336	309	53	3	31	10	
22	21	19	8	24	25	38	62	37	15	8	
92	43	26	8	32	36	60	90	63	25	11	
265	11	37	25	7	35	20	28	38	31	24	
177	50	54	24	42	29	31	13	15	11	25	

35	26	22	27	15	24	34	10	20	48	68	
57	75	43	56	44	42	5	11	25	17	49	
57	46	43	61	52	97	50	34	14	52	91	
78	38	19	37	8	15	34	48	5	79	116	
39	77	9	20	86	284	160	56	27	95	92	
13	91	22	31	246	721	479	39	39	92	7	
30	78	29	41	146	526	408	25	18	23	69	
6	47	29	49	59	30	96	25	12	50	81	
11	35	17	43	73	34	23	26	13	83	98	
14	33	14	16	20	46	51	15	12	100	156	
20	26	35	16	17	11	15	10	5	57	104	

3	54	23	64	58	42	20	15	14	21	20	
4	20	68	56	44	48	48	26	26	23	25	
13	69	93	57	56	4	19	13	30	41	35	
36	36	73	69	16	75	69	38	37	55	56	
28	40	37	129	124	335	402	67	77	20	58	
50	50	40	84	122	380	509	105	73	34	37	
19	20	51	22	47	119	177	100	46	62	40	
11	31	10	11	34	50	96	79	24	87	60	
4	8	6	13	42	42	10	27	87	132	86	
9	17	27	19	19	24	18	73	102	109	68	
16	29	17	6	22	39	81	93	82	67	38	

28	28	16	22	45	22	23	30	20	24	12	
14	5	15	18	29	51	40	15	9	9	24	
36	7	44	44	77	72	41	28	12	34	52	
35	11	56	64	64	50	35	34	42	55	43	
51	24	31	31	136	201	103	59	59	42	18	
67	27	23	33	293	427	171	31	59	36	18	
63	60	26	46	170	239	73	35	41	29	37	
53	85	34	50	56	28	37	26	22	16	38	
22	50	30	14	27	14	30	13	16	11	18	
25	34	25	19	14	59	62	70	43	36	33	
12	18	25	38	23	4	88	134	46	48	35	

41	29	2	15	15	35	34	26	37	28	11	
53	27	9	27	49	34	6	0	12	13	27	
29	26	12	36	13	29	39	5	9	24	27	
18	15	0	6	68	107	37	11	20	44	59	
43	37	27	32	352	570	241	32	50	24	55	
32	42	47	31	397	621	273	39	76	61	26	
8	7	30	25	114	169	99	30	55	51	20	
6	17	8	20	38	27	22	48	69	60	8	
38	42	7	10	35	41	40	37	118	141	49	
46	26	20	5	59	22	27	37	75	120	34	
25	10	15	12	48	27	18	9	59	108	30	

29	25	23	5	28	44	57	41	70	82	19	
15	26	44	58	30	34	3	25	62	63	26	
10	18	35	58	53	13	19	27	26	44	55	
33	24	18	25	31	42	42	21	29	45	56	
11	30	21	37	91	406	346	33	17	19	73	
10	48	58	31	177	941	870	113	21	43	98	
27	40	19	62	83	685	671	117	42	18	59	
18	39	72	74	50	98	157	80	5	21	16	
22	27	53	9	35	30	40	31	19	5	40	
33	44	36	46	47	28	22	11	18	17	23	
45	29	54	47	34	61	48	6	33	17	5	

23	32	34	71	70	74	60	41	51	40	36	
7	14	18	53	30	12	39	60	41	5	47	
22	25	34	48	34	45	31	49	91	63	67	
10	23	42	38	34	54	52	54	59	38	32	
10	25	39	6	38	94	128	68	19	10	6	
15	40	29	19	130	326	281	45	20	16	22	
36	12	4	31	115	258	217	63	10	26	15	
65	14	28	23	21	10	53	65	59	74	61	
60	13	16	18	14	49	22	48	92	110	65	
17	16	21	24	6	36	29	52	73	88	36	
20	41	32	30	10	11	85	93	21	28	26	

6	22	41	54	16	72	40	33	31	47	60	
12	40	30	31	39	57	59	29	41	49	46	
15	18	26	11	27	48	62	47	37	49	45	
22	43	39	39	17	39	9	24	15	6	12	
21	29	41	18	115	584	530	36	50	36	50	
28	63	41	70	227	1180	1048	100	47	59	45	
20	17	56	62	112	678	606	80	24	57	31	
40	60	42	2	29	34	46	35	18	28	50	
24	10	19	35	98	62	65	56	17	28	63	
30	59	64	36	93	127	59	46	57	54	53	
39	25	25	25	35	52	76	25	68	49	38	

